Rank	Kmer	Frequency	Conserved	Conservation_Ratio
1	AAAAAA	16743	1792	0.1070
2	TTTTTT	16354	1863	0.1139
3	TATATA	8616	913	0.1060
4	ATATAT	8255	883	0.1070
5	AAAAAT	6053	630	0.1041
6	ATTTTT	5911	603	0.1020
7	GAAAAA	5528	582	0.1053
8	TTTTTC	5202	537	0.1032
9	AAAATA	5106	574	0.1124
10	TAAAAA	5001	519	0.1038
11	AATAAA	4990	540	0.1082
12	ATAAAA	4981	551	0.1106
13	TATTTT	4972	509	0.1024
14	AAGAAA	4953	582	0.1175
15	AAATAA	4876	527	0.1081
16	CTTTTT	4871	522	0.1072
17	AGAAAA	4808	574	0.1194
18	TTTCTT	4770	538	0.1128
19	TTATTT	4665	467	0.1001
20	AAAAAG	4663	511	0.1096
21	TTTTTA	4647	466	0.1003
22	TTTTAT	4641	454	0.0978
23	TTTATT	4637	440	0.0949
24	TTTTCT	4592	509	0.1108
25	AAAGAA	4522	520	0.1150
26	ATAATA	4499	389	0.0865
27	TTCTTT	4428	512	0.1156
28	ATATAA	4290	391	0.0911
29	TATTAT	4288	416	0.0970
30	AATATA	4286	400	0.0933
31	TCTTTT	4261	488	0.1145
32	AAATAT	4257	424	0.0996
33	ATATTT	4252	429	0.1009
34	AAAAGA	4208	449	0.1067
35	TTATAT	4176	393	0.0941
36	AATTTT	4166	411	0.0987
37	TATATT	4141	384	0.0927
38	AAAATT	4077	414	0.1015
39	AATAAT	3996	340	0.0851
40	AATATT	3990	384	0.0962
41	TAAATA	3863	370	0.0958
42	ATTATT	3854	399	0.1035
43	AAATTT	3826	396	0.1035
44	TATAAA	3818	406	0.1063
45	TAATAA	3758	328	0.0873
46	ATATTA	3727	323	0.0867
47	TATTTA	3720	348	0.0935
48	TAATAT	3706	346	0.0934
49	TTTATA	3701	358	0.0967
50	ATAAAT	3555	354	0.0996
