Rank	Kmer	Conservation_Ratio	Frequency	Conserved
1	GACACG	0.1802	172	31
2	AACCCG	0.1733	225	39
3	CCCTCA	0.1721	337	58
4	ACCGAC	0.1706	170	29
5	GGCCGT	0.1705	176	30
6	GCGCTC	0.1667	174	29
7	TCGTCC	0.1667	222	37
8	CCGTCG	0.1656	157	26
9	TCCGTC	0.1648	273	45
10	GGTGAC	0.1642	341	56
11	TGCCCA	0.1639	305	50
12	TGACCC	0.1639	238	39
13	GATGGG	0.1625	283	46
14	GGAGCG	0.1617	167	27
15	CAGCGT	0.1604	268	43
16	CAGGGC	0.1589	214	34
17	CCGGTT	0.1585	265	42
18	AGCGGT	0.1585	284	45
19	GAGCGA	0.1581	272	43
20	CGTCCA	0.1566	198	31
21	AGGATC	0.1563	403	63
22	TCGGCA	0.1560	282	44
23	CCGGCT	0.1559	186	29
24	GCACCT	0.1558	353	55
25	TGGTCT	0.1557	424	66
26	GGCGAT	0.1556	270	42
27	CTCGCG	0.1543	162	25
28	ACGACT	0.1543	337	52
29	TGCGCT	0.1542	389	60
30	CGGTTA	0.1536	332	51
31	TCTCGC	0.1533	300	46
32	ATCCGT	0.1530	379	58
33	GCGTCG	0.1530	183	28
34	CAACCG	0.1526	308	47
35	ACGCCC	0.1519	158	24
36	CCAACT	0.1518	448	68
37	GATAGC	0.1517	402	61
38	CAACAC	0.1516	607	92
39	GGGCGT	0.1513	152	23
40	CATCCG	0.1511	278	42
41	GACTGC	0.1509	285	43
42	CGTGGG	0.1508	179	27
43	TCCAAC	0.1503	519	78
44	AGTCGC	0.1500	240	36
45	ACGTCT	0.1496	341	51
46	GGGCCT	0.1494	154	23
47	ACTCCC	0.1493	288	43
48	ACCAGG	0.1493	268	40
49	GCTATA	0.1491	758	113
50	TAGCGC	0.1491	322	48
